
Epoch:0
29527,33863,32959,30394,30994,32202,30227,28465,26811,27242,29632,28573,32363,26754,23669,29883,27930,26206,27434,24304
Epoch:1
29527,33863,32959,30394,30994,32202,30227,28465,26811,27242,29632,28573,32363,26754,23669,29883,27930,26206,27434,24304
Epoch:2
9846,13069,14584,11338,12948,15276,12716,14448,14869,10867,11907,12689,14346,9577,5748,11935,14441,10946,7375,9644
Epoch:3
3937,5802,6927,5439,6703,8316,6429,7269,7761,5020,6098,5277,7325,4049,2972,5694,7717,5014,2832,4125
Epoch:4
4643,6754,8634,6511,7894,9703,7328,8271,8986,5960,6740,6015,8232,4791,3119,6580,8586,5752,3141,4742
Epoch:5
5794,8832,11133,8203,10187,11408,9400,10609,10231,7591,7993,7834,9732,6387,4485,7334,9571,6200,3737,5495
Epoch:6
7245,9504,12923,8744,10970,13004,10467,12413,12364,8717,8732,9482,10980,7371,5166,9038,12362,8316,4816,7668
Epoch:7
7185,8844,12824,8373,10858,12920,10094,11982,11911,8444,8568,9077,10910,7215,5647,8807,11701,8174,4647,7450
Epoch:8
8343,11693,13107,11041,12696,14400,12185,12543,13233,9979,10786,10359,13170,8751,6447,11117,12525,8834,5980,8315
Epoch:9
3183,5183,6688,5331,6647,7894,6143,6282,6780,4593,5430,4448,6221,3627,2595,4990,6583,3937,2143,3238
Epoch:10
6153,8357,12081,8423,11039,11917,9822,11045,10387,8193,8223,8139,9642,7039,6131,8454,10063,6579,4674,6343
Epoch:11
7745,9292,13334,8724,11389,12940,10674,12529,12047,8689,8772,9401,10784,7571,5731,9200,12058,8439,5116,7492
Epoch:0
29527,33863,32959,30394,30994,32202,30227,28465,26811,27242,29632,28573,32363,26754,23669,29883,27930,26206,27434,24304
Epoch:1
9596,12380,13988,10343,13150,15451,11823,14830,16125,10033,10533,12520,14383,9218,5478,12336,15827,11875,6531,9788
Epoch:2
9206,12568,13976,11186,12923,14815,12004,13686,13894,10223,11355,11456,14073,9068,6172,12080,13894,10426,6716,9209
Epoch:3
3730,5790,7750,5719,7136,8165,6676,7251,7048,5283,6264,5000,6679,3963,3135,5166,6933,4268,2867,3931
Epoch:4
7520,10627,12962,9864,11783,12754,10872,11768,11630,9124,9976,9226,11614,7770,5809,9757,11492,7882,5243,7466
Epoch:5
4996,7358,9717,7238,9393,10391,8362,9356,8999,6719,7352,6746,8651,5381,3903,6310,8221,5168,3209,4746
Epoch:6
7595,9711,14156,9491,12539,13499,10917,12616,12146,9653,9447,9739,11100,8068,6848,9879,11756,7596,5909,7708
Epoch:7
7159,9080,13041,9012,11762,12810,10357,11737,11565,9072,8934,9126,10605,7424,6182,9216,11020,7094,5434,7221
Epoch:8
7300,10033,12171,9833,11683,12950,11154,11679,11785,8994,9660,9296,11554,7658,5760,9450,10742,7253,5025,7165
Epoch:9
3450,5259,6657,5355,6787,7839,6400,6579,7214,4635,5785,4746,6352,3720,2271,5085,6880,4101,2326,3489
Epoch:10
5011,7463,9444,7437,9159,9928,8529,8861,8746,6589,7152,6489,8177,5451,3806,6172,8065,5024,3176,4490
Epoch:11
3694,5464,7037,5491,7192,8178,6634,6906,7397,4981,5906,5082,6542,3936,2573,5377,6983,4167,2625,3709
Epoch:12
4391,6016,7729,6191,7732,9056,7172,7562,7898,5697,6406,5685,7329,4315,2797,5934,7500,4521,2736,4206
Epoch:13
6301,8319,10329,8423,10355,11725,9200,9901,10525,7745,8248,7851,9425,6545,4714,8458,9890,6249,4299,5837
Epoch:14
6390,8583,10470,8483,10578,11819,9444,10208,10658,7783,8413,8178,9690,6659,4894,8245,9833,6270,4470,5852
Epoch:15
7083,9173,11107,9111,11097,12546,9888,10738,11683,8193,8993,8682,10639,7117,5046,9196,10805,6841,4819,6391
Epoch:16
9303,12192,13345,11382,13111,14573,12768,12760,13564,10345,11429,10890,13004,9186,6803,11058,12255,8671,6289,8333
Epoch:17
5782,6955,9237,7019,8978,10334,8171,8954,9279,6488,7579,7114,8823,5507,3947,7429,9481,6291,3721,5399
Epoch:18
4736,6410,7891,6475,7698,9151,7353,7650,8138,5624,6800,5973,7758,4739,2909,6380,7631,4929,2868,4402
Epoch:0
16162,14338,18222,13592,16122,19883,15011,15736,18970,13913,16339,16113,19641,11693,14607,16534,18721,15152,13383,13440
Epoch:0
17509,18895,22229,15752,18710,23077,17629,19768,21504,16382,16986,19401,21075,14304,12203,17757,21474,17854,14740,16404
Epoch:1
7752,11437,11493,10063,11287,13960,10757,11635,13309,8692,9840,9912,13053,7866,4119,10638,13090,9104,5037,7790
Epoch:2
5274,8141,9674,7413,9750,10676,8847,9688,9386,7362,7451,7130,9540,5706,4608,7244,8558,5766,3847,5112
Epoch:3
3618,5496,6655,5366,6296,8069,6177,6522,7257,4819,5936,4747,7047,3568,2528,5265,7074,4338,2653,3732
Epoch:4
8274,11274,12887,10564,12489,14255,12044,12684,13034,9737,10574,10413,13108,8328,6255,10615,12217,8529,5510,8091
Epoch:5
5829,8580,11124,7923,10489,11364,9568,10635,9864,7906,8004,7746,9711,6219,5122,7729,9187,5944,4058,5728
Epoch:6
6552,8808,12383,8732,11371,12242,10283,11504,10975,8791,8863,8697,10367,7206,6793,8868,10243,6772,5201,6807
Epoch:7
3682,5335,7612,5671,6948,8259,6745,6705,7181,4984,5874,4878,6593,3919,2576,5357,6778,4127,2531,3598
Epoch:8
6285,9267,11345,8523,10878,11887,10275,10817,10227,8086,8570,8170,10237,6912,5148,8601,9691,6313,4014,6181
Epoch:9
6669,7836,13136,7621,10043,11647,8907,10541,10347,8219,8216,8250,9856,6405,5784,8652,10508,7405,5149,6812
Epoch:0
17224,18609,21372,14874,16715,22848,16476,18755,20936,14680,15902,19703,20681,14110,7899,17846,22774,19264,13506,15929
Epoch:1
5982,8192,9762,7395,8372,11170,8725,9233,10310,7094,7808,7529,10512,5505,3270,7217,9748,6364,4134,5310
Epoch:0
20862,19138,23861,17659,25723,25066,20095,22213,22406,19700,19683,21431,23797,17751,20224,19733,22494,18633,17983,17216
Epoch:1
8035,12288,12266,10604,12218,14040,11420,12775,13264,9053,10392,10582,12775,8607,5529,11226,13531,9705,5547,8451
Epoch:2
7468,10946,11661,9787,11272,13383,10622,11492,12606,8473,9556,9520,12271,7612,4735,10333,12458,8634,4892,7481
Epoch:0
23347,22005,25122,20198,25305,26734,21436,23800,23755,20267,21083,22611,26252,19122,19984,22387,24389,20841,18483,18817
Epoch:1
5005,8114,8536,7079,9186,10438,7961,9110,9427,7104,7521,7014,9419,5313,3831,7381,9209,6082,3558,5071
Epoch:2
7740,9926,12884,8852,11563,13448,10492,12738,12746,8813,8955,9933,12071,7421,5612,9379,13016,8695,5124,7796
Epoch:3
4268,6342,8178,6116,7575,9296,7063,7739,8449,5800,6349,5646,7921,4408,3564,6179,8193,5068,2984,4405
Epoch:0
29527,33863,32959,30394,30994,32202,30227,28465,26811,27242,29632,28573,32363,26754,23669,29883,27930,26206,27434,24304
Epoch:1
3923,6445,6720,6110,7096,8826,6405,7205,7628,5678,6237,5321,7970,4086,2763,5813,7173,4743,3479,3842
Epoch:2
6009,9504,11205,8656,10399,11647,9565,10300,10239,8164,8566,8079,10411,6522,4835,7803,9622,6284,4392,5911
Epoch:3
7881,10055,13117,9278,11891,13916,11051,13284,13140,9321,9423,10503,12283,7890,5582,10133,13351,9321,5432,8562
Epoch:4
5692,8343,10255,8007,9853,11185,9042,10083,9965,7411,7865,7408,9557,5981,3944,7144,9101,5894,3654,5254
Epoch:5
7697,10075,14959,9919,13046,13662,11599,13339,11879,10301,9945,10233,11565,8444,8254,10032,11577,7634,6414,8030
Epoch:6
7747,9588,13123,9122,11471,13598,10906,12671,12413,8898,9068,9735,11646,7786,5505,9626,12276,8455,5118,8129
Epoch:7
6860,8765,13387,9060,12126,12700,10631,12058,10673,9410,9002,9211,10526,7720,7848,9128,10397,6602,5956,7161
Epoch:8
7872,9839,13519,8333,10982,12956,10058,11923,11979,8580,8897,9477,11247,7324,5915,9660,12704,8653,5228,7869
Epoch:9
6966,9020,13132,9256,12019,12824,10859,12422,10847,9163,9212,9287,10426,7788,6699,9093,10566,6849,5508,7283
Epoch:10
5703,9131,10136,8752,9826,10933,9494,9967,9828,7175,8058,7297,9540,6229,4117,7128,8432,5506,3607,5032
Epoch:11
4306,5824,7942,6241,7800,9317,7106,7526,7751,5699,6302,5594,7327,4553,3104,6025,7394,4588,2716,3943
Epoch:12
4483,7047,8542,6735,8316,9115,7706,8076,8197,5918,6550,5936,7391,4802,3263,5579,7064,4504,2562,4042
Epoch:13
6785,9145,11645,8540,10740,12138,9828,10822,10528,8182,8735,8409,10360,6995,4953,8620,9985,6668,4466,6316
Epoch:14
5228,7643,9284,7308,8923,9934,8388,8848,8933,6283,7359,6607,8166,5499,3684,6583,8308,5193,3041,4836
Epoch:15
3873,5226,6847,5159,6640,7779,6350,6446,6945,4860,5585,4804,6208,3817,2315,4887,6619,3834,2404,3394
Epoch:0
29527,33863,32959,30394,30994,32202,30227,28465,26811,27242,29632,28573,32363,26754,23669,29883,27930,26206,27434,24304
Epoch:0
