
Epoch:0
0,0,0,0,0,0,0,0,0,0,0,0,0,0,0,0,0,0,0,0
Epoch:1
0,0,0,0,0,0,0,0,0,0,0,0,0,0,0,0,0,0,0,0
Epoch:2
3898,1639,2280,2119,1453,1326,2000,1760,826,2307,2718,2167,2004,3301,9443,1895,1258,1966,3693,2317
Epoch:3
13107,7656,9056,8349,6625,6262,7691,7465,4914,9180,10426,9096,7911,11098,18276,9011,6161,8303,13858,9826
Epoch:4
9307,5072,5621,5619,4277,3882,5202,4974,2988,6286,7015,6596,5444,7877,13663,6000,4294,6304,9693,7012
Epoch:5
6208,2906,3524,3756,2567,2597,3510,3028,2444,4279,4871,3982,4183,4977,7841,3331,2761,4224,6091,4476
Epoch:6
4396,2179,2011,2561,1825,1310,1941,1486,1107,2717,3408,2423,2278,3112,5412,2593,1736,3170,4192,2950
Epoch:7
4687,2619,2056,2897,1811,1403,2015,1605,1186,2876,3670,2658,2231,3294,4668,2988,2036,3572,4601,3339
Epoch:8
3326,1582,2352,2087,1530,920,1757,1842,830,2387,2431,2231,1497,2814,4862,1658,1267,2317,2895,2691
Epoch:9
11764,6798,7634,6849,5443,5351,6837,7046,4547,8231,9216,8474,7578,9450,13725,7435,5862,8447,12516,9305
Epoch:10
5739,2988,2593,2931,1843,1831,2574,2343,1603,3126,3755,3162,2819,3628,5314,3305,2633,4280,4761,4017
Epoch:11
4514,2518,1959,2676,1775,1490,1969,1550,1238,2791,3525,2490,2373,3107,5011,2663,1955,3406,4413,3250
Epoch:0
0,0,0,0,0,0,0,0,0,0,0,0,0,0,0,0,0,0,0,0
Epoch:1
3810,1593,2015,2242,1311,1002,2165,1303,471,2323,3051,1762,1439,2800,6086,2190,980,1996,4482,2372
Epoch:2
3764,1744,2291,2539,1311,1229,1597,1666,870,2001,2481,2462,1778,3281,5173,2085,1387,2500,3280,2957
Epoch:3
12573,7032,7358,7694,5455,6264,7176,7075,5187,8647,9172,9099,8663,10537,13334,8968,6918,8941,11950,9430
Epoch:4
4843,2516,2610,2815,1730,1761,2129,2190,1508,2847,3175,3403,2784,3907,5053,2833,2168,3628,3767,3790
Epoch:5
7301,4068,4409,4138,2907,3155,3927,4023,2863,4871,5558,4650,4838,6110,7691,4092,3629,5235,6896,4894
Epoch:6
4409,2205,1611,2251,1345,1215,1848,1493,1027,2322,2836,2318,2120,2711,3637,2535,2062,3417,3464,2944
Epoch:7
4761,2627,1917,2449,1557,1364,2116,1728,1140,2601,3037,2489,2293,3069,4495,2814,2299,3837,3809,3306
Epoch:8
4271,2217,2828,2339,1409,1349,1805,1999,1328,2758,2774,2639,2169,3350,5122,2241,1883,3027,3328,3012
Epoch:9
11542,6585,8237,6844,5394,5058,6307,6392,4155,8087,8096,7944,7177,9347,15398,7198,5677,8073,12137,8684
Epoch:10
7703,4277,5009,4401,3197,3653,4159,4303,3435,5212,5963,5096,5733,6229,8332,4357,4002,5585,7097,5535
Epoch:11
10686,6369,7796,6496,5011,4831,5907,6215,3989,7631,7890,7458,6653,8620,12758,6780,5370,7792,11186,8353
Epoch:12
8924,5900,6605,5640,4532,4014,5414,5330,3482,6505,6956,6076,5556,8029,12924,5642,4612,6791,9262,6924
Epoch:13
6069,3436,4635,3605,2772,2579,3765,3825,1941,4451,4354,4023,3542,4880,8660,3683,2998,4864,6218,5282
Epoch:14
6329,3460,4586,3713,2613,2587,3995,4043,2023,4158,4526,3715,3562,5197,9345,3610,2960,4845,6284,5000
Epoch:15
5597,3087,4105,3278,2387,2284,3345,3433,1761,3758,3958,3462,3043,4467,8177,3146,2486,4384,5406,4461
Epoch:16
3827,1960,3081,2272,1517,1413,1816,2038,1297,2850,2713,2627,2316,3228,5764,1981,1715,2661,3590,2888
Epoch:17
8965,5836,5913,5617,4460,4032,4857,4925,3339,6245,6553,6306,5033,7059,10229,5940,4489,6904,9947,7068
Epoch:18
10768,6846,8813,7291,6058,5271,6379,6478,4718,8376,8355,8040,7407,9352,14258,7052,5897,7937,11729,8362
Epoch:0
4489,5782,4674,6050,5891,2285,5878,5301,2028,4520,6240,4751,2565,9104,8483,4741,2405,4936,4827,4370
Epoch:0
1543,855,732,1135,916,354,1096,633,126,835,1421,750,542,1779,4088,1291,506,983,1442,893
Epoch:1
4334,2079,4119,2958,2095,1432,2667,2762,1111,3211,3503,3206,2211,4391,11865,2251,1340,2378,4560,3186
Epoch:2
7686,3487,5186,4235,2559,3039,4368,4437,2290,4693,5775,4727,4190,5988,10097,4413,3821,5254,7360,5373
Epoch:3
12202,7238,8865,7727,6762,5780,7572,7979,4510,9268,9507,9196,7554,11322,21051,8374,6188,8403,12683,9400
Epoch:4
3385,1624,2406,2034,1211,980,1598,1617,833,2254,2372,2037,1539,2927,5036,1751,1322,2279,2881,2388
Epoch:5
6188,2916,3041,3182,1973,2146,2736,2773,1826,3527,4133,3506,3063,4463,6300,3516,3077,4697,5037,4217
Epoch:6
5026,2631,2108,2464,1625,1520,2192,1945,1254,2629,3057,2669,2488,3344,4382,2924,2415,4027,3919,3534
Epoch:7
10652,6444,6433,6060,5105,4795,6237,6248,4090,7656,7955,7589,6869,8746,16372,6894,5550,7993,11214,8155
Epoch:8
5510,2323,3213,2848,1806,1968,2262,2619,1661,3417,3567,3265,2738,3935,5214,2779,2582,4116,4813,3862
Epoch:9
7142,4152,2670,4176,3149,2685,3564,3129,2230,4014,5075,4432,3599,5111,6607,4806,3687,5939,7164,5272
Epoch:0
1894,1006,916,1491,1249,534,1304,806,217,1575,1859,1256,806,1968,6217,1373,454,817,2245,1069
Epoch:1
7345,4389,5711,5109,4130,3374,4435,4954,2605,5445,6196,5478,4346,7806,12969,4650,3247,4760,7562,5426
Epoch:0
3386,5759,1735,5730,2043,2085,5498,3168,1677,2661,5663,2678,2262,4968,3160,5089,2204,4068,3822,3310
Epoch:1
5062,2205,4361,2799,2016,1912,2907,2607,1185,3538,3680,3215,2670,4285,8743,2834,1781,2728,5298,3797
Epoch:2
4768,2468,3971,3432,2636,1827,3443,2983,1731,3870,4827,3584,2842,4590,8846,3024,1943,3357,4795,4247
Epoch:0
1292,2620,1044,3257,1563,1138,3483,1456,1363,2299,3371,2142,1646,2742,1899,2434,856,2364,2800,2357
Epoch:1
10250,4884,8635,6664,4196,4432,6904,6500,3668,7019,7725,6652,6297,8395,14897,6628,5073,6455,11525,7287
Epoch:2
4393,2145,2162,2444,1467,1276,2128,1569,995,2701,3262,2329,2022,3305,5757,2623,1514,2922,4378,2882
Epoch:3
9208,5273,5823,5542,4099,3842,5407,5340,3168,6233,7287,6380,5365,8009,11967,5862,4316,6567,9310,6838
Epoch:0
0,0,0,0,0,0,0,0,0,0,0,0,0,0,0,0,0,0,0,0
Epoch:1
13400,8500,16224,12179,10609,7109,15604,13768,5749,12870,13701,12295,9259,15038,40640,9924,7488,9760,18259,11885
Epoch:2
6150,2927,4114,3726,2448,2640,3389,3732,2247,4197,4777,4188,3823,5698,8631,3423,2710,4021,5630,4567
Epoch:3
4016,1978,1908,2096,1405,1057,1746,1323,841,2268,2802,1974,1716,2839,5073,2404,1527,2885,3868,2531
Epoch:4
6482,3242,3962,3834,2529,2674,3471,3464,2288,4173,4845,4039,4158,5395,9052,3536,3173,4522,6442,4425
Epoch:5
4248,1969,1311,2001,1120,1162,1560,1356,1070,1991,2407,1901,2036,2401,2819,2318,1981,3240,2815,2657
Epoch:6
3960,2065,1830,2031,1515,1087,1535,1318,997,2508,2856,2172,1888,2847,4506,2321,1695,3080,3765,2562
Epoch:7
5039,2663,1913,2459,1564,1459,2152,2184,1367,2462,3180,2559,2437,3054,4261,2822,2444,4090,3339,3293
Epoch:8
5557,3122,2173,3338,2368,2124,2609,2192,1554,3360,4314,3212,2813,3951,5348,3866,2650,4681,5895,4103
Epoch:9
5196,2584,1987,2308,1482,1511,1704,1940,1378,2478,2765,2460,2594,2947,3733,2831,2438,3988,3663,3202
Epoch:10
6596,3438,4829,4066,3504,3019,3879,3533,2649,4877,5594,4654,4851,5848,9266,3565,3062,4351,6130,4824
Epoch:11
8805,5839,6754,5799,4858,4063,5787,5710,3604,6873,7091,6534,5923,8052,14938,5913,4976,6982,9440,7206
Epoch:12
9119,4841,6079,5451,4207,4394,5465,5050,4049,6213,7094,5876,6501,7443,10421,5254,5141,6635,8695,6728
Epoch:13
5571,2821,3136,3141,2229,2010,2604,2724,1855,3454,4140,3482,2892,4442,6883,3174,2831,4315,5036,4039
Epoch:14
7762,4403,5101,4575,3466,3464,4277,4049,3193,5504,5708,5149,5129,6269,9175,4374,3862,5700,7882,5719
Epoch:15
11494,7506,8459,7498,6550,5969,7479,7790,4855,8760,10105,8682,8103,10117,16599,8043,6364,8808,12889,10003
Epoch:0
0,0,0,0,0,0,0,0,0,0,0,0,0,0,0,0,0,0,0,0
Epoch:0
