
Epoch:0
0,0,0,0,0,0,0,0,0,0,0,0,0,0,0,0,0,0,0,0
Epoch:1
0,0,0,0,0,0,0,0,0,0,0,0,0,0,0,0,0,0,0,0
Epoch:2
19681,20794,18375,19056,18046,16926,17511,14017,11942,16375,17725,15884,18017,17177,17921,17948,13489,15260,20059,14660
Epoch:3
25590,28061,26032,24955,24291,23886,23798,21196,19050,22222,23534,23296,25038,22705,20697,24189,20213,21192,24602,20179
Epoch:4
24884,27109,24325,23883,23100,22499,22899,20194,17825,21282,22892,22558,24131,21963,20550,23303,19344,20454,24293,19562
Epoch:5
23733,25031,21826,22191,20807,20794,20827,17856,16580,19651,21639,20739,22631,20367,19184,22549,18359,20006,23697,18809
Epoch:6
22282,24359,20036,21650,20024,19198,19760,16052,14447,18525,20900,19091,21383,19383,18503,20845,15568,17890,22618,16636
Epoch:7
22342,25019,20135,22021,20136,19282,20133,16483,14900,18798,21064,19496,21453,19539,18022,21076,16229,18032,22787,16854
Epoch:8
21184,22170,19852,19353,18298,17802,18042,15922,13578,17263,18846,18214,19193,18003,17222,18766,15405,17372,21454,15989
Epoch:9
26344,28680,26271,25063,24347,24308,24084,22183,20031,22649,24202,24125,26142,23127,21074,24893,21347,22269,25291,21066
Epoch:10
23374,25506,20878,21971,19955,20285,20405,17420,16424,19049,21409,20434,22721,19715,17538,21429,17867,19627,22760,17961
Epoch:11
21782,24571,19625,21670,19605,19262,19553,15936,14764,18553,20860,19172,21579,19183,17938,20683,15872,17767,22318,16812
Epoch:0
0,0,0,0,0,0,0,0,0,0,0,0,0,0,0,0,0,0,0,0
Epoch:1
19931,21483,18971,20051,17844,16751,18404,13635,10686,17209,19099,16053,17980,17536,18191,17547,12103,14331,20903,14516
Epoch:2
20321,21295,18983,19208,18071,17387,18223,14779,12917,17019,18277,17117,18290,17686,17497,17803,14036,15780,20718,15095
Epoch:3
25797,28073,25209,24675,23858,24037,23551,21214,19763,21959,23368,23573,25684,22791,20534,24717,20997,21938,24567,20373
Epoch:4
22007,23236,19997,20530,19211,19448,19355,16697,15181,18118,19656,19347,20749,18984,17860,20126,16438,18324,22191,16838
Epoch:5
24531,26505,23242,23156,21601,21811,21865,19109,17812,20523,22280,21827,23712,21373,19766,23573,19709,21038,24225,19558
Epoch:6
21932,24152,18803,20903,18455,18703,19310,15849,14665,17589,20185,18834,21263,18686,16821,20004,16174,18610,21525,16596
Epoch:7
22368,24783,19918,21382,19232,19392,19870,16728,15246,18170,20698,19447,21758,19330,17487,20667,16910,19112,22000,17083
Epoch:8
22227,23830,20788,20561,19311,19252,19073,16786,15026,18248,19972,19277,20809,19096,17909,20433,17188,18953,22409,17139
Epoch:9
26077,28604,26302,25039,24207,24363,23827,21886,19597,22607,23847,23827,26011,23034,21398,24798,21050,22105,25108,20815
Epoch:10
24516,26400,23515,22957,21835,22274,21698,19604,18065,20653,22480,22084,24186,21303,19863,23711,19865,21182,24258,19814
Epoch:11
25833,28399,25922,24903,23802,24024,23593,21559,19414,22261,23726,23491,25821,22818,21096,24506,20947,22039,24809,20595
Epoch:12
25136,27847,25230,24203,23262,23146,23055,20903,18913,21545,23226,22888,25034,22439,20872,23949,20430,21685,24698,20098
Epoch:13
23226,25544,22630,21971,20639,20477,21027,18564,16286,19497,21384,20722,22938,20209,18955,21425,18040,19957,23135,18467
Epoch:14
23137,25280,22489,21911,20416,20383,20783,18257,16153,19459,21219,20395,22673,20095,18775,21638,18097,19936,22964,18452
Epoch:15
22444,24690,21852,21283,19897,19656,20339,17727,15128,19049,20639,19891,21724,19637,18623,20687,17125,19365,22615,17913
Epoch:16
20224,21671,19614,19012,17883,17629,17459,15705,13247,16897,18203,17683,19359,17568,16866,18825,15675,17535,21145,15971
Epoch:17
23745,26908,23722,23375,22016,21868,22056,19511,17532,20754,22053,21459,23540,21247,19722,22454,18449,19915,23713,18905
Epoch:18
24791,27453,25068,23919,23296,23051,22874,20815,18673,21618,22832,22600,24605,22015,20760,23503,20299,21277,24566,19902
Epoch:0
13365,19525,14737,16802,14872,12319,15216,12729,7841,13329,13293,12460,12722,15061,9062,13349,9209,11054,14051,10864
Epoch:0
12018,14968,10730,14642,12284,9125,12598,8697,5307,10860,12646,9172,11288,12450,11466,12126,6456,8352,12694,7900
Epoch:1
21775,22426,21466,20331,19707,18242,19470,16830,13502,18550,19792,18661,19310,18888,19550,19245,14840,17102,22397,16514
Epoch:2
24253,25722,23285,22981,21244,21526,21380,18777,17425,19880,22181,21443,22823,21048,19061,22639,19372,20440,23587,19192
Epoch:3
25909,28367,26304,25028,24698,24133,24050,21943,19554,22423,23696,23826,25316,23186,21141,24618,20856,21868,24781,20572
Epoch:4
21253,22589,20072,19830,18505,17947,18183,15781,13777,17505,19058,18160,19255,18426,17414,19268,15713,17677,21924,16213
Epoch:5
23698,25283,21835,22471,20505,20838,20659,17830,16947,19336,21628,20827,22652,20535,18547,22154,18743,20262,23376,18576
Epoch:6
22975,25055,20576,21662,19623,19960,19944,16961,15836,18451,20769,19876,21996,19548,16876,21015,17687,19434,22233,17497
Epoch:7
25845,28528,25347,24723,24046,23943,23482,21760,19630,22258,23758,23695,25770,22835,21093,24526,21152,22079,24903,20706
Epoch:8
23242,24596,21614,21871,20116,20315,19952,17648,16584,19156,21062,20403,22126,19842,18521,21282,18239,19893,23420,18123
Epoch:9
22858,26027,19823,22773,20951,20555,21320,17924,16464,19023,21416,20323,22507,20349,17885,21231,17422,18801,22285,17492
Epoch:0
12303,15254,11587,15520,14279,9354,13751,9710,5875,12562,13730,8870,11682,12644,15770,12037,5156,6942,13928,8375
Epoch:1
23545,25671,23197,22999,22622,21032,21502,19232,16501,20148,21824,21044,21851,21249,20399,22666,18182,19842,23300,18994
Epoch:0
8665,14725,9098,12735,5271,7136,10132,6252,4405,7542,9949,7142,8566,9003,3445,10150,5436,7573,9451,7088
Epoch:1
21492,21575,20693,19790,18776,18162,18807,15690,13547,18189,19240,17991,19588,18147,18140,18657,14399,16501,21887,15853
Epoch:2
22059,22917,21298,20607,19722,18819,19605,16973,14205,18769,20076,19053,20092,19142,18934,19550,15472,17572,22542,16823
Epoch:0
6180,11858,7837,10196,5689,5468,8791,4665,3056,6975,8549,5962,6111,7632,3685,7496,3541,5365,8951,5487
Epoch:1
24522,25749,24423,23315,21808,21764,22266,19355,17384,20138,22111,21559,22944,21441,19838,22502,18721,20124,23876,19233
Epoch:2
21787,23937,20075,21542,19431,18754,19735,15727,14065,18429,20677,18640,20292,19333,18057,20504,14914,17511,22310,16508
Epoch:3
25259,27521,24781,24278,23419,22906,23164,20726,18362,21442,23283,22927,24442,22346,20105,23704,19737,21138,24450,19899
Epoch:0
0,0,0,0,0,0,0,0,0,0,0,0,0,0,0,0,0,0,0,0
Epoch:1
25604,27418,26239,24284,23898,23376,23822,21260,19183,21564,23395,23252,24393,22668,20906,24070,20757,21463,23955,20462
Epoch:2
23518,24359,21754,21738,20595,20555,20662,18165,16572,19078,21066,20494,21952,20232,18834,22080,18308,19922,23042,18393
Epoch:3
21646,23808,19842,21116,19103,18286,19176,15181,13671,17921,20209,18070,20080,18864,18087,19750,14579,16885,22002,15742
Epoch:4
23835,25520,22704,22387,21141,21017,21185,18382,16846,19831,21767,21165,22806,20773,19725,22739,18829,20312,23780,19050
Epoch:5
21830,23788,18000,20475,17948,18540,18628,15126,14932,16941,19687,18340,20798,18310,15415,19851,16353,18572,21020,16274
Epoch:6
21780,24275,19836,21272,19523,18604,19321,15794,14398,18344,20564,18838,20717,18968,18164,20257,15654,17751,22316,16175
Epoch:7
22667,25098,19572,21334,18868,19502,19596,16407,16138,17832,20630,19362,21837,19034,15821,20755,17533,19604,21478,17143
Epoch:8
21655,24024,19440,22061,20012,19246,20169,16542,14832,18662,20735,19096,21116,19430,17754,20223,15226,17553,22206,16435
Epoch:9
22561,24843,19827,21138,18975,19378,19368,16043,15964,18079,20420,19286,21937,18966,16970,20790,17364,19357,21926,17021
Epoch:10
23824,24732,22823,21642,21168,21269,20733,18498,16983,20067,21574,21276,22823,20525,19552,22755,19498,20700,23827,19272
Epoch:11
25221,28039,25017,24153,23194,22885,23121,20939,19060,21543,23330,22979,25036,22201,20565,23858,20536,21618,24718,20361
Epoch:12
25044,26816,24417,23659,22678,23087,22521,20389,18614,21324,23082,22637,24972,21952,20406,24304,20866,21702,24872,20262
Epoch:13
22742,24718,21314,21854,20254,20064,20399,17643,16283,19060,20897,20164,22003,19759,18716,21263,17945,19538,22968,17988
Epoch:14
24299,26220,23675,23086,22071,22268,21839,19617,17878,20959,22273,21966,24197,21255,19985,23300,19622,21013,24393,19468
Epoch:15
25654,28637,26112,25235,24354,24423,23877,22019,19866,22382,24047,23769,26155,22937,21354,24996,21311,22372,25030,20910
Epoch:0
0,0,0,0,0,0,0,0,0,0,0,0,0,0,0,0,0,0,0,0
Epoch:0
